n

&samm

11111 A 111111·

’ 81111ω11111ἔοΐ11ἀ1141111111, subjungi»
111111111100111Μ9111ῑ111110111 ,
1111111111141111111111111111111111111111
.111Βά11111111111111111,11111114411111
111111111111111111111111111111611114
eund

„thth 1111111110012011111111

..111111 111111 1111111 1111111111
..111 11111111 1111111 11111111
..111 111111 111111 1111111111 11111111
..111111 1111 1111111111 1111 111-
..1111 1111111111 111111 1111111111 11111
111111111111111111111111111111111 1111
,1111111111 11111 11 1111111 1111
1111111111 ,11 ,1111
{mxu 111 11 11 11111 1111 11111

,111111 111 MCCCC.LXX111 114
,1111111111 1111 61111 1111111111
,,,111 11111111111111111111111·
..1111111111 111 111111 11 111111
,11111111 1111111111 111 111111
11111111 111111111111111111111111111·
,1111,11111111.111111’111111111111 1111 11.
,1111111111111111111111ᾗ1α1ἑ1ι1ζ

 

